#Layer_Color=16711935
#
#Feature symbol names
#
$0 r5

#
#Feature attribute names
#

#
#Layer features
#
L 0.1771232 -0.3762456 0.1791264 -0.3482496 0 P 0
L 0.1771232 -0.7543064 0.1771232 -0.3762456 0 P 0
L 0.1771232 -0.7543064 0.1791872 -0.7827096 0 P 0
L -0.1771248 -0.7546016 -0.1771248 -0.37654 0 P 0
L 0.1791264 -0.3482496 0.185096 -0.3208208 0 P 0
L -0.179128 -0.348548 -0.1771248 -0.37654 0 P 0
L 0.1791872 -0.7827096 0.1853312 -0.8105136 0 P 0
L -0.1791872 -0.783008 -0.1771248 -0.7546016 0 P 0
L 0.185096 -0.3208208 0.1949088 -0.2945168 0 P 0
L -0.185096 -0.3211288 -0.179128 -0.348548 0 P 0
L 0.1853312 -0.8105136 0.1954304 -0.837136 0 P 0
L -0.1853328 -0.8108224 -0.1791872 -0.783008 0 P 0
L 0.1949088 -0.2945168 0.2083664 -0.2698728 0 P 0
L -0.1949104 -0.2948408 -0.185096 -0.3211288 0 P 0
L 0.1954304 -0.837136 0.2092704 -0.8620192 0 P 0
L -0.1954304 -0.8374616 -0.1853328 -0.8108224 0 P 0
L 0.2083664 -0.2698728 0.2251936 -0.247392 0 P 0
L -0.2083664 -0.27022 -0.1949104 -0.2948408 0 P 0
L 0.2092704 -0.8620192 0.2265616 -0.88464 0 P 0
L -0.2092704 -0.8623672 -0.1954304 -0.8374616 0 P 0
L 0.2251936 -0.247392 0.2450496 -0.2275296 0 P 0
L -0.2251952 -0.2477664 -0.2083664 -0.27022 0 P 0
L 0.2265616 -0.88464 0.2469424 -0.9045264 0 P 0
L -0.2265616 -0.8850176 -0.2092704 -0.8623672 0 P 0
L 0.2450496 -0.2275296 0.267528 -0.210692 0 P 0
L -0.2450496 -0.2279376 -0.2251952 -0.2477664 0 P 0
L 0.2469424 -0.9045264 0.269984 -0.92126 0 P 0
L -0.2469424 -0.9049376 -0.2265616 -0.8850176 0 P 0
L 0.267528 -0.210692 0.2921728 -0.1972216 0 P 0
L -0.2675296 -0.2111376 -0.2450496 -0.2279376 0 P 0
L 0.269984 -0.92126 0.2952064 -0.9344904 0 P 0
L -0.2699856 -0.9217096 -0.2469424 -0.9049376 0 P 0
L 0.2921728 -0.1972216 0.3184816 -0.187392 0 P 0
L -0.2921744 -0.197708 -0.2675296 -0.2111376 0 P 0
L 0.2952064 -1.2885568 0.2952064 -0.9344904 0 P 0
L -0.295208 -0.9349816 -0.2699856 -0.9217096 0 P 0
L -0.295208 -1.289048 0.2952064 -1.2885568 0 P 0
L -0.295208 -1.289048 -0.295208 -0.9349816 0 P 0
L 0.3184816 -0.187392 0.34592 -0.1814032 0 P 0
L -0.3184832 -0.1879216 -0.2921744 -0.197708 0 P 0
L 0.34592 -0.1814032 0.373928 -0.1793776 0 P 0
L -0.3459216 -0.1819792 -0.3184832 -0.1879216 0 P 0
L 0.373928 -0.1793776 1.4562032 -0.1784768 0 P 0
L -0.3739296 -0.18 -0.3459216 -0.1819792 0 P 0
L 0.4526496 0.3767688 0.4526496 3.328224 0 P 0
L 0.4526496 0.3767688 0.4546528 0.3487768 0 P 0
L -0.4526512 0.376016 -0.4526512 3.3274712 0 P 0
L -0.4526512 3.3274712 0.4526496 3.328224 0 P 0
L 0.4546528 0.3487768 0.4606224 0.3213576 0 P 0
L -0.4546544 0.34802 -0.4526512 0.376016 0 P 0
L -0.4606224 0.3205912 -0.4546544 0.34802 0 P 0
L 0.4606224 0.3213576 0.4704352 0.2950704 0 P 0
L 0.4704352 0.2950704 0.4838928 0.2704488 0 P 0
L -0.4704368 0.2942872 -0.4606224 0.3205912 0 P 0
L -0.4838928 0.2696432 -0.4704368 0.2942872 0 P 0
L 0.4838928 0.2704488 0.50072 0.2479952 0 P 0
L 0.50072 0.2479952 0.520576 0.2281672 0 P 0
L -0.5007216 0.2471624 -0.4838928 0.2696432 0 P 0
L -0.520576 0.2273008 -0.5007216 0.2471624 0 P 0
L 0.520576 0.2281672 0.5430544 0.2113664 0 P 0
L -0.5430544 0.2104624 -0.520576 0.2273008 0 P 0
L 0.5430544 0.2113664 0.5676992 0.1979368 0 P 0
L 0.5676992 0.1979368 0.594008 0.1881512 0 P 0
L -0.5677008 0.196992 -0.5430544 0.2104624 0 P 0
L 0.594008 0.1881512 0.6214464 0.182208 0 P 0
L -0.5940096 0.1871624 -0.5677008 0.196992 0 P 0
L 0.6214464 0.182208 0.6494544 0.1802288 0 P 0
L -0.621448 0.1811736 -0.5940096 0.1871624 0 P 0
L 0.6494544 0.1802288 0.9767872 0.1805016 0 P 0
L -0.649456 0.179148 -0.621448 0.1811736 0 P 0
L 0.9767872 0.1805016 1.0001696 0.1828232 0 P 0
L 0.9767872 0.536796 0.9767872 0.8961736 0 P 0
L 0.9767872 0.536796 1.0001696 0.5345136 0 P 0
L 0.9767872 0.8961736 1.8168368 0.8968728 0 P 0
L -0.9767888 0.178876 -0.649456 0.179148 0 P 0
L -0.9767888 0.5351704 -0.9767888 0.894548 0 P 0
L 1.0001696 0.1828232 1.0226528 0.1896584 0 P 0
L 1.0001696 0.5345136 1.0226528 0.527716 0 P 0
L -1.0001704 0.1811584 -0.9767888 0.178876 0 P 0
L -1.0001704 0.5328496 -0.9767888 0.5351704 0 P 0
L 1.0226528 0.1896584 1.0433744 0.2007456 0 P 0
L 1.0226528 0.527716 1.0433744 0.5166632 0 P 0
L -1.0226544 0.187956 -1.0001704 0.1811584 0 P 0
L -1.0226544 0.5260136 -1.0001704 0.5328496 0 P 0
L 1.0433744 0.2007456 1.0615376 0.2156584 0 P 0
L 1.0433744 0.5166632 1.0615376 0.5017808 0 P 0
L -1.043376 0.1990088 -1.0226544 0.187956 0 P 0
L -1.043376 0.5149264 -1.0226544 0.5260136 0 P 0
L -1.0615376 0.213892 -1.043376 0.1990088 0 P 0
L 1.0615376 0.2156584 1.0764416 0.233824 0 P 0
L -1.0615376 0.5000136 -1.043376 0.5149264 0 P 0
L 1.0615376 0.5017808 1.0764416 0.48364 0 P 0
L 1.0764416 0.233824 1.0875184 0.254544 0 P 0
L 1.0764416 0.48364 1.0875184 0.4629384 0 P 0
L -1.0764432 0.232032 -1.0615376 0.213892 0 P 0
L -1.0764432 0.481848 -1.0615376 0.5000136 0 P 0
L 1.0875184 0.254544 1.0943376 0.2770216 0 P 0
L 1.0875184 0.4629384 1.0943376 0.440472 0 P 0
L -1.0875192 0.2527336 -1.0764432 0.232032 0 P 0
L -1.0875192 0.4611288 -1.0764432 0.481848 0 P 0
L 1.0943376 0.2770216 1.0966416 0.3003936 0 P 0
L 1.0943376 0.440472 1.0966416 0.417104 0 P 0
L -1.0943392 0.2752 -1.0875192 0.2527336 0 P 0
L -1.0943392 0.4386504 -1.0875192 0.4611288 0 P 0
L 1.0966416 0.3003936 1.0966416 0.417104 0 P 0
L -1.0966424 0.2985688 -1.0943392 0.2752 0 P 0
L -1.0966424 0.2985688 -1.0966424 0.4152784 0 P 0
L -1.0966424 0.4152784 -1.0943392 0.4386504 0 P 0
L 1.1059872 -2.1188456 1.1582496 -2.7154824 0 P 0
L 1.1059872 -2.1188456 1.4641792 -2.087206 0 P 0
L 1.1059872 3.5520312 1.1582496 4.1487552 0 P 0
L 1.1059872 3.5520312 1.4641792 3.5209872 0 P 0
L 1.1372256 -0.8398176 1.1512736 -1.1989088 0 P 0
L 1.1372256 -0.8398176 1.9602768 -0.8069672 0 P 0
L 1.1372256 2.2730544 1.1512736 2.6321696 0 P 0
L 1.1372256 2.2730544 1.9602768 2.2415744 0 P 0
L 1.1512736 -1.1989088 2.0604592 -1.1626208 0 P 0
L 1.1512736 2.6321696 2.0604592 2.5973944 0 P 0
L -1.1512752 -1.2008248 -1.1372264 -0.8417104 0 P 0
L -1.1512752 2.6302536 -1.1372264 2.2711616 0 P 0
L 1.1582496 -2.7154824 1.5164416 -2.6838428 0 P 0
L 1.1582496 4.1487552 1.5164416 4.1177112 0 P 0
L -1.1582512 -2.71741 -1.1059888 -2.1206864 0 P 0
L -1.1582512 4.1468272 -1.1059888 3.5501896 0 P 0
L 1.4562032 0.0239952 1.4583152 0.0646936 0 P 0
L 1.4562032 -0.1784768 1.4562032 0.0239952 0 P 0
L -1.4562048 -0.1809008 -0.3739296 -0.18 0 P 0
L -1.4562048 -0.1809008 -1.4562048 0.021572 0 P 0
L 1.4583152 0.0646936 1.4646272 0.1049576 0 P 0
L -1.458316 0.0622664 -1.4562048 0.021572 0 P 0
L 1.4641792 -2.087206 1.468512 -2.1102828 0 P 0
L 1.4641792 3.5209872 1.4681536 3.5428144 0 P 0
L -1.46418 -2.0896428 -1.1059888 -2.1206864 0 P 0
L -1.46418 3.5185504 -1.1059888 3.5501896 0 P 0
L 1.4646272 0.1049576 1.475072 0.1443576 0 P 0
L -1.464628 0.10252 -1.458316 0.0622664 0 P 0
L 1.4681536 3.5428144 1.4760848 3.5635376 0 P 0
L -1.4681544 3.5403704 -1.46418 3.5185504 0 P 0
L 1.468512 -2.1102828 1.4772688 -2.1320676 0 P 0
L -1.4685136 -2.1127272 -1.46418 -2.0896428 0 P 0
L 1.475072 0.1443576 1.4895392 0.1824688 0 P 0
L -1.4750736 0.1419024 -1.464628 0.10252 0 P 0
L 1.4760848 3.5635376 1.4877024 3.5824472 0 P 0
L -1.4760864 3.5610808 -1.4681544 3.5403704 0 P 0
L 1.4772688 -2.1320676 1.4901088 -2.1517232 0 P 0
L -1.4772696 -2.1345264 -1.4685136 -2.1127272 0 P 0
L 1.4877024 3.5824472 1.5026064 3.5988944 0 P 0
L -1.487704 3.5799712 -1.4760864 3.5610808 0 P 0
L 1.4895392 0.1824688 1.5078704 0.2188832 0 P 0
L -1.48954 0.1799896 -1.4750736 0.1419024 0 P 0
L 1.4901088 -2.1517232 1.5065408 -2.168494 0 P 0
L -1.4901096 -2.1542032 -1.4772696 -2.1345264 0 P 0
L 1.5026064 3.5988944 1.520288 3.612316 0 P 0
L -1.502608 3.5963936 -1.487704 3.5799712 0 P 0
L 1.5065408 -2.168494 1.5259344 -2.1817356 0 P 0
L -1.5065424 -2.1710016 -1.4901096 -2.1542032 0 P 0
L 1.5078704 0.2188832 1.5298704 0.2532104 0 P 0
L -1.5078712 0.2163736 -1.48954 0.1799896 0 P 0
L 1.5164416 -2.6838428 1.5166976 -2.6603608 0 P 0
L 1.5164416 4.1177112 1.5166976 4.0942296 0 P 0
L -1.5164432 -2.6863668 -1.1582512 -2.71741 0 P 0
L -1.5164432 4.1151872 -1.1582512 4.1468272 0 P 0
L 1.5166976 -2.6603608 1.5215312 -2.6373756 0 P 0
L 1.5166976 4.0942296 1.5215312 4.071252 0 P 0
L -1.5166984 -2.6628852 -1.5164432 -2.6863668 0 P 0
L -1.5166984 4.0917056 -1.5164432 4.1151872 0 P 0
L 1.520288 3.612316 1.5401392 3.622252 0 P 0
L -1.5202888 3.6097856 -1.502608 3.5963936 0 P 0
L 1.5215312 -2.6373756 1.5307568 -2.6157708 0 P 0
L 1.5215312 4.071252 1.5307568 4.0496632 0 P 0
L -1.521532 -2.639908 -1.5166984 -2.6628852 0 P 0
L -1.521532 4.06872 -1.5166984 4.0917056 0 P 0
L 1.5259344 -2.1817356 1.5475424 -2.1909396 0 P 0
L -1.5259352 -2.1842756 -1.5065424 -2.1710016 0 P 0
L 1.5298704 0.2532104 1.555304 0.2850816 0 P 0
L -1.529872 0.250664 -1.5078712 0.2163736 0 P 0
L 1.5307568 -2.6157708 1.5440208 -2.5963768 0 P 0
L 1.5307568 4.0496632 1.5440208 4.0302912 0 P 0
L -1.5307584 -2.6183188 -1.521532 -2.639908 0 P 0
L -1.5307584 4.0471152 -1.521532 4.06872 0 P 0
L 1.5401392 3.622252 1.5614784 3.62836 0 P 0
L -1.54014 3.619688 -1.5202888 3.6097856 0 P 0
L 1.5440208 -2.5963768 1.5608144 -2.5799384 0 P 0
L 1.5440208 4.0302912 1.5608144 4.0138808 0 P 0
L -1.5440224 -2.5989464 -1.5307584 -2.6183188 0 P 0
L -1.5440224 4.0277216 -1.5307584 4.0471152 0 P 0
L 1.5475424 -2.1909396 1.570536 -2.1957512 0 P 0
L -1.5475432 -2.1935152 -1.5259352 -2.1842756 0 P 0
L 1.555304 0.2850816 1.5838976 0.3141552 0 P 0
L -1.5553056 0.2824936 -1.529872 0.250664 0 P 0
L 1.5608144 -2.5799384 1.5804912 -2.5670884 0 P 0
L 1.5608144 4.0138808 1.5804912 4.0010632 0 P 0
L -1.560816 -2.5825364 -1.5440224 -2.5989464 0 P 0
L -1.560816 4.0112832 -1.5440224 4.0277216 0 P 0
L 1.5614784 3.62836 1.5835776 3.630432 0 P 0
L -1.56148 3.6257608 -1.54014 3.619688 0 P 0
L 1.570536 -2.1957512 1.5940288 -2.1959868 0 P 0
L -1.5705368 -2.1983652 -1.5475432 -2.1935152 0 P 0
L 1.5804912 -2.5670884 1.6022944 -2.5583192 0 P 0
L 1.5804912 4.0010632 1.6022944 3.9923312 0 P 0
L -1.580492 -2.5697192 -1.560816 -2.5825364 0 P 0
L -1.580492 3.9984328 -1.560816 4.0112832 0 P 0
L 1.5835776 3.630432 1.5940288 3.629984 0 P 0
L -1.5835784 3.627796 -1.56148 3.6257608 0 P 0
L 1.5838976 0.3141552 1.615344 0.3401192 0 P 0
L -1.5838992 0.3115192 -1.5553056 0.2824936 0 P 0
L 1.5940288 -2.1959868 2.1132096 -2.1501272 0 P 0
L 1.5940288 3.629984 2.1132096 3.5849888 0 P 0
L -1.5940304 -2.19864 -1.5705368 -2.1983652 0 P 0
L -1.5940304 3.6273312 -1.5835784 3.627796 0 P 0
L 1.6022944 -2.5583192 1.6253872 -2.5539688 0 P 0
L 1.6022944 3.9923312 1.6253872 3.9880192 0 P 0
L -1.6022952 -2.560986 -1.580492 -2.5697192 0 P 0
L -1.6022952 3.989664 -1.580492 3.9984328 0 P 0
L 1.615344 0.3401192 1.6493072 0.3626936 0 P 0
L -1.6153456 0.3374304 -1.5838992 0.3115192 0 P 0
L 1.6253872 -2.5539688 2.6221552 -2.4659232 0 P 0
L 1.6253872 3.9880192 2.6221552 3.901632 0 P 0
L -1.625388 -2.556674 -1.6022952 -2.560986 0 P 0
L -1.625388 3.9853136 -1.6022952 3.989664 0 P 0
L 1.6493072 0.3626936 1.6854208 0.3816384 0 P 0
L -1.649308 0.3599488 -1.6153456 0.3374304 0 P 0
L 1.6854208 0.3816384 1.7232976 0.3967496 0 P 0
L -1.6854216 0.3788336 -1.649308 0.3599488 0 P 0
L 1.7232976 0.3967496 1.7625328 0.407864 0 P 0
L -1.7232992 0.3938808 -1.6854216 0.3788336 0 P 0
L 1.7625328 0.407864 1.802704 0.4148632 0 P 0
L -1.7625344 0.4049304 -1.7232992 0.3938808 0 P 0
L 1.802704 0.4148632 1.824848 0.4154584 0 P 0
L -1.8027056 0.4118632 -1.7625344 0.4049304 0 P 0
L 1.8168368 0.8968728 1.8398736 0.89916 0 P 0
L -1.8168384 0.4126992 -1.8027056 0.4118632 0 P 0
L -1.8168384 0.8938488 -0.9767888 0.894548 0 P 0
L 1.824848 0.4154584 1.8467088 0.4119096 0 P 0
L 1.8398736 0.89916 1.8620256 0.9058944 0 P 0
L -1.8398752 0.4104128 -1.8168384 0.4126992 0 P 0
L -1.8398752 0.8960976 -1.8168384 0.8938488 0 P 0
L -1.8404976 -2.1772792 -1.5940304 -2.19864 0 P 0
L -1.8404976 3.6055608 -1.5940304 3.6273312 0 P 0
L 1.8467088 0.4119096 1.8675184 0.4043416 0 P 0
L 1.8620256 0.9058944 1.88244 0.9168176 0 P 0
L -1.8620264 0.4036784 -1.8398752 0.4104128 0 P 0
L -1.8620264 0.9027952 -1.8398752 0.8960976 0 P 0
L 1.8675184 0.4043416 1.8865456 0.3930216 0 P 0
L -1.881296 -2.17158 -1.8404976 -2.1772792 0 P 0
L -1.881296 3.5997936 -1.8404976 3.6055608 0 P 0
L 1.88244 0.9168176 1.9003344 0.9315104 0 P 0
L -1.8824416 0.3927544 -1.8620264 0.4036784 0 P 0
L -1.8824416 0.9136848 -1.8620264 0.9027952 0 P 0
L 1.8865456 0.3930216 1.90312 0.3783472 0 P 0
L 1.9003344 0.9315104 1.9150192 0.9494072 0 P 0
L -1.9003352 0.3780624 -1.8824416 0.3927544 0 P 0
L -1.9003352 0.9283472 -1.8824416 0.9136848 0 P 0
L 1.90312 0.3783472 1.9166576 0.3608344 0 P 0
L 1.9150192 0.9494072 1.9259312 0.9698208 0 P 0
L -1.9150208 0.3601656 -1.9003352 0.3780624 0 P 0
L -1.9150208 0.94622 -1.9003352 0.9283472 0 P 0
L 1.9166576 0.3608344 1.9266832 0.3411008 0 P 0
L -1.921272 -2.1616492 -1.881296 -2.17158 0 P 0
L -1.921272 3.589796 -1.881296 3.5997936 0 P 0
L 1.9259312 0.9698208 1.9326512 0.9919664 0 P 0
L -1.9259328 0.339752 -1.9150208 0.3601656 0 P 0
L -1.9259328 0.9666152 -1.9150208 0.94622 0 P 0
L 1.9266832 0.3411008 1.9328416 0.31984 0 P 0
L 1.9326512 0.9919664 1.93492 1.0149936 0 P 0
L -1.932652 0.3176056 -1.9259328 0.339752 0 P 0
L -1.932652 0.9887496 -1.9259328 0.9666152 0 P 0
L 1.9328416 0.31984 1.93492 0.2977992 0 P 0
L 1.93492 0.1012616 1.93492 0.2977992 0 P 0
L 1.93492 0.1012616 1.9352528 -0.2581152 0 P 0
L 1.93492 1.0149936 1.93492 1.3333032 0 P 0
L 1.93492 1.3333032 1.9352528 1.6926808 0 P 0
L -1.9349208 0.0980416 -1.9349208 0.2945792 0 P 0
L -1.9349208 0.2945792 -1.932652 0.3176056 0 P 0
L -1.9349208 1.0117728 -1.932652 0.9887496 0 P 0
L -1.9349208 1.0117728 -1.9349208 1.3300824 0 P 0
L 1.9352528 -0.2581152 1.9377344 -0.3049504 0 P 0
L 1.9352528 1.6926808 1.9377344 1.73952 0 P 0
L -1.9352544 -0.261336 -1.9349208 0.0980416 0 P 0
L -1.9352544 1.68946 -1.9349208 1.3300824 0 P 0
L 1.9377344 -0.3049504 1.945064 -0.351272 0 P 0
L 1.9377344 1.73952 1.945064 1.7858544 0 P 0
L -1.9377352 -0.308176 -1.9352544 -0.261336 0 P 0
L -1.9377352 1.7362952 -1.9352544 1.68946 0 P 0
L 1.945064 -0.351272 1.9571616 -0.3965792 0 P 0
L 1.945064 1.7858544 1.9571616 1.8311816 0 P 0
L -1.9450648 -0.3545096 -1.9377352 -0.308176 0 P 0
L -1.9450648 1.7826168 -1.9377352 1.7362952 0 P 0
L 1.9571616 -0.3965792 1.9739008 -0.440384 0 P 0
L 1.9571616 1.8311816 1.9739008 1.8750136 0 P 0
L -1.957164 -0.3998368 -1.9450648 -0.3545096 0 P 0
L -1.957164 1.827924 -1.9450648 1.7826168 0 P 0
L -1.9599864 -2.1475952 -1.921272 -2.1616492 0 P 0
L -1.9599864 3.5756776 -1.921272 3.589796 0 P 0
L 1.9602768 -0.8069672 1.988928 -0.802308 0 P 0
L -1.9602768 -0.8102296 -1.1372264 -0.8417104 0 P 0
L -1.9602768 2.2383112 -1.1372264 2.2711616 0 P 0
L 1.9602768 2.2415744 1.988928 2.2369632 0 P 0
L 1.9739008 -0.440384 1.995096 -0.482212 0 P 0
L 1.9739008 1.8750136 1.995096 1.9168776 0 P 0
L -1.9739016 -0.4436688 -1.957164 -0.3998368 0 P 0
L -1.9739016 1.871728 -1.957164 1.827924 0 P 0
L 1.988928 -0.802308 2.0156256 -0.7909024 0 P 0
L 1.988928 2.2369632 2.0156256 2.2256016 0 P 0
L -1.9889296 -0.8056184 -1.9602768 -0.8102296 0 P 0
L -1.9889296 2.2336528 -1.9602768 2.2383112 0 P 0
L 1.995096 -0.482212 2.0163264 -0.5241168 0 P 0
L 1.995096 1.9168776 2.0163264 1.9588176 0 P 0
L -1.9950976 -0.4855328 -1.9739016 -0.4436688 0 P 0
L -1.9950976 1.9135568 -1.9739016 1.871728 0 P 0
L -1.9970152 -2.1295728 -1.9599864 -2.1475952 0 P 0
L -1.9970152 3.5575936 -1.9599864 3.5756776 0 P 0
L 2.0156256 -0.7909024 2.0300048 -0.7802616 0 P 0
L 2.0156256 2.2256016 2.0300048 2.2149848 0 P 0
L -2.0156264 -0.7942576 -1.9889296 -0.8056184 0 P 0
L -2.0156264 2.2222472 -1.9889296 2.2336528 0 P 0
L 2.0163264 -0.5241168 2.0330816 -0.568004 0 P 0
L 2.0163264 1.9588176 2.0330816 2.002732 0 P 0
L -2.0163272 -0.5274728 -1.9950976 -0.4855328 0 P 0
L -2.0163272 1.9554616 -1.9950976 1.9135568 0 P 0
L 2.0300048 -0.7802616 2.0416592 -0.7666928 0 P 0
L 2.0300048 2.2149848 2.0416592 2.201436 0 P 0
L -2.0300056 -0.7836408 -2.0156264 -0.7942576 0 P 0
L -2.0300056 2.2116064 -2.0156264 2.2222472 0 P 0
L -2.0319536 -2.1077784 -1.9970152 -2.1295728 0 P 0
L -2.0319536 3.5357408 -1.9970152 3.5575936 0 P 0
L 2.0330816 -0.568004 2.0451808 -0.6133976 0 P 0
L 2.0330816 2.002732 2.0451808 2.0481464 0 P 0
L -2.0330832 -0.571388 -2.0163272 -0.5274728 0 P 0
L -2.0330832 1.9993488 -2.0163272 1.9554616 0 P 0
L 2.0416592 -0.7666928 2.0500032 -0.750876 0 P 0
L 2.0416592 2.201436 2.0500032 2.1856328 0 P 0
L -2.04166 -0.7700912 -2.0300056 -0.7836408 0 P 0
L -2.04166 2.1980376 -2.0300056 2.2116064 0 P 0
L 2.0451808 -0.6133976 2.0524944 -0.6598064 0 P 0
L 2.0451808 2.0481464 2.0524944 2.0945672 0 P 0
L -2.0451824 -0.6168016 -2.0330832 -0.571388 0 P 0
L -2.0451824 2.0447424 -2.0330832 1.9993488 0 P 0
L 2.0500032 -0.750876 2.0546208 -0.7336032 0 P 0
L 2.0500032 2.1856328 2.0546208 2.1683672 0 P 0
L -2.0500048 -0.754288 -2.04166 -0.7700912 0 P 0
L -2.0500048 2.1822208 -2.04166 2.1980376 0 P 0
L 2.0524944 -0.6598064 2.0549408 -0.7067272 0 P 0
L 2.0524944 2.0945672 2.0549408 2.141492 0 P 0
L -2.0524952 -0.6632224 -2.0451824 -0.6168016 0 P 0
L -2.0524952 2.0911512 -2.0451824 2.0447424 0 P 0
L 2.0546208 -0.7336032 2.05528 -0.7157392 0 P 0
L 2.0546208 2.1683672 2.05528 2.1505048 0 P 0
L -2.0546224 -0.7370224 -2.0500048 -0.754288 0 P 0
L -2.0546224 2.164948 -2.0500048 2.1822208 0 P 0
L 2.0549408 -0.7067272 2.05528 -0.7157392 0 P 0
L 2.0549408 2.141492 2.05528 2.1505048 0 P 0
L -2.0549416 -0.7101472 -2.0524952 -0.6632224 0 P 0
L -2.0549416 2.138072 -2.0524952 2.0911512 0 P 0
L -2.0552808 -0.71916 -2.0546224 -0.7370224 0 P 0
L -2.0552808 -0.71916 -2.0549416 -0.7101472 0 P 0
L -2.0552808 2.147084 -2.0546224 2.164948 0 P 0
L -2.0552808 2.147084 -2.0549416 2.138072 0 P 0
L 2.0604592 -1.1626208 2.0651424 -1.1625248 0 P 0
L 2.0604592 2.5973944 2.0651424 2.5973072 0 P 0
L -2.0604608 -1.1660504 -1.1512752 -1.2008248 0 P 0
L -2.0604608 2.5939648 -1.1512752 2.6302536 0 P 0
L -2.0644184 -2.0824516 -2.0319536 -2.1077784 0 P 0
L -2.0644184 3.51036 -2.0319536 3.5357408 0 P 0
L 2.0651424 -1.1625248 2.0965968 -1.1666984 0 P 0
L 2.0651424 2.5973072 2.0965968 2.601532 0 P 0
L -2.0651432 2.5938696 -2.0604608 2.5939648 0 P 0
L -2.0940536 -2.0538692 -2.0644184 -2.0824516 0 P 0
L -2.0940536 3.4817288 -2.0644184 3.51036 0 P 0
L 2.0965968 -1.1666984 2.1149968 -1.1742504 0 P 0
L 2.0965968 2.601532 2.1149968 2.6091152 0 P 0
L -2.0965976 -1.170188 -2.0604608 -1.1660504 0 P 0
L -2.0965976 2.5980424 -2.0651432 2.5938696 0 P 0
L 2.1132096 -2.1501272 2.1363008 -2.1457768 0 P 0
L 2.1132096 3.5849888 2.1363008 3.5806768 0 P 0
L 2.1149968 -1.1742504 2.1309568 -1.1861144 0 P 0
L 2.1149968 2.6091152 2.1309568 2.6210064 0 P 0
L -2.1149984 -1.1777712 -2.0965976 -1.170188 0 P 0
L -2.1149984 2.6055952 -2.0965976 2.5980424 0 P 0
L -2.1205344 -2.0223452 -2.0940536 -2.0538692 0 P 0
L -2.1205344 3.45016 -2.0940536 3.4817288 0 P 0
L 2.1309568 -1.1861144 2.1434832 -1.2015544 0 P 0
L 2.1309568 2.6210064 2.1434832 2.6364672 0 P 0
L -2.1309576 -1.1896616 -2.1149984 -1.1777712 0 P 0
L -2.1309576 2.6174592 -2.1149984 2.6055952 0 P 0
L 2.1363008 -2.1457768 2.158104 -2.137008 0 P 0
L 2.1363008 3.5806768 2.158104 3.571944 0 P 0
L 2.1434832 -1.2015544 2.1518048 -1.2196128 0 P 0
L 2.1434832 2.6364672 2.1518048 2.6545392 0 P 0
L -2.1434856 -1.2051224 -2.1309576 -1.1896616 0 P 0
L -2.1434856 2.6328992 -2.1309576 2.6174592 0 P 0
L -2.1435712 -1.9882244 -2.1205344 -2.0223452 0 P 0
L -2.1435712 3.4160008 -2.1205344 3.45016 0 P 0
L 2.1518048 -1.2196128 2.152648 -1.2267616 0 P 0
L 2.1518048 2.6545392 2.152648 2.6616888 0 P 0
L -2.1518056 -1.2231944 -2.1434856 -1.2051224 0 P 0
L -2.1518056 2.6509576 -2.1434856 2.6328992 0 P 0
L 2.152648 -1.2267616 2.2221536 -2.0202532 0 P 0
L 2.152648 2.6616888 2.2221536 3.455296 0 P 0
L -2.1526488 -1.2303448 -2.1518056 -1.2231944 0 P 0
L -2.1526488 2.6581064 -2.1518056 2.6509576 0 P 0
L 2.158104 -2.137008 2.1777808 -2.1241576 0 P 0
L 2.158104 3.571944 2.1777808 3.5591264 0 P 0
L -2.1629112 -1.9518808 -2.1435712 -1.9882244 0 P 0
L -2.1629112 3.3796256 -2.1435712 3.4160008 0 P 0
L 2.1777808 -2.1241576 2.1945744 -2.1077192 0 P 0
L 2.1777808 3.5591264 2.1945744 3.5427168 0 P 0
L -2.1783432 -1.9137128 -2.1629112 -1.9518808 0 P 0
L -2.1783432 3.3414312 -2.1629112 3.3796256 0 P 0
L -2.1896968 -1.874138 -2.1783432 -1.9137128 0 P 0
L -2.1896968 3.3018376 -2.1783432 3.3414312 0 P 0
L 2.1945744 -2.1077192 2.2078384 -2.0883252 0 P 0
L 2.1945744 3.5427168 2.2078384 3.5233448 0 P 0
L -2.1968488 -1.8335904 -2.1896968 -1.874138 0 P 0
L -2.1968488 3.2612784 -2.1896968 3.3018376 0 P 0
L -2.1982808 -1.7513596 -2.1526488 -1.2303448 0 P 0
L -2.1982808 3.1790448 -2.1526488 2.6581064 0 P 0
L -2.1997208 -1.792514 -2.1968488 -1.8335904 0 P 0
L -2.1997208 -1.792514 -2.1982808 -1.7513596 0 P 0
L -2.1997208 3.2201976 -2.1968488 3.2612784 0 P 0
L -2.1997208 3.2201976 -2.1982808 3.1790448 0 P 0
L 2.2078384 -2.0883252 2.2170656 -2.0667204 0 P 0
L 2.2078384 3.5233448 2.2170656 3.5017552 0 P 0
L 2.2170656 -2.0667204 2.2218992 -2.0437356 0 P 0
L 2.2170656 3.5017552 2.2218992 3.4787784 0 P 0
L 2.2218992 -2.0437356 2.2221536 -2.0202532 0 P 0
L 2.2218992 3.4787784 2.2221536 3.455296 0 P 0
L 2.4175984 -0.718892 2.4193008 -0.7301088 0 P 0
L 2.4175984 -0.718892 2.4233152 -0.7022608 0 P 0
L 2.4175984 2.15426 2.4193008 2.16548 0 P 0
L 2.4175984 2.15426 2.4233152 2.1376384 0 P 0
L 2.4193008 -0.7301088 2.5064784 -1.1643336 0 P 0
L 2.4193008 2.16548 2.5064784 2.5998496 0 P 0
L -2.4193016 -0.7341352 -2.4175984 -0.722916 0 P 0
L -2.4193016 2.1614536 -2.4175984 2.1502368 0 P 0
L 2.4233152 -0.7022608 2.4325328 -0.68728 0 P 0
L 2.4233152 2.1376384 2.4325328 2.1226736 0 P 0
L -2.423316 -0.7062944 -2.4175984 -0.722916 0 P 0
L -2.423316 2.1336056 -2.4175984 2.1502368 0 P 0
L 2.4325328 -0.68728 2.4448064 -0.6746752 0 P 0
L 2.4325328 2.1226736 2.4448064 2.1100888 0 P 0
L -2.4325344 -0.6913288 -2.423316 -0.7062944 0 P 0
L -2.4325344 2.1186248 -2.423316 2.1336056 0 P 0
L 2.4448064 -0.6746752 2.4595392 -0.6650576 0 P 0
L 2.4448064 2.1100888 2.4595392 2.100496 0 P 0
L -2.4448072 -0.6787448 -2.4325344 -0.6913288 0 P 0
L -2.4448072 2.10602 -2.4325344 2.1186248 0 P 0
L 2.4595392 -0.6650576 2.4760176 -0.6588936 0 P 0
L 2.4595392 2.100496 2.4760176 2.09436 0 P 0
L -2.45954 -0.669152 -2.4448072 -0.6787448 0 P 0
L -2.45954 2.0964024 -2.4448072 2.10602 0 P 0
L 2.4760176 -0.6588936 2.4934432 -0.6564816 0 P 0
L 2.4760176 2.09436 2.4934432 2.091976 0 P 0
L -2.4760184 -0.6630152 -2.45954 -0.669152 0 P 0
L -2.4760184 2.0902384 -2.45954 2.0964024 0 P 0
L 2.4934432 -0.6564816 2.4965088 -0.6564368 0 P 0
L 2.4934432 2.091976 2.4965088 2.0919368 0 P 0
L -2.493444 -0.660632 -2.4760184 -0.6630152 0 P 0
L -2.493444 2.0878264 -2.4760184 2.0902384 0 P 0
L 2.4965088 -0.6564368 2.6766288 -0.6561208 0 P 0
L 2.4965088 2.0919368 2.6766288 2.09192 0 P 0
L -2.4965104 -0.660592 -2.493444 -0.660632 0 P 0
L -2.4965104 2.0877816 -2.493444 2.0878264 0 P 0
L 2.5064784 -1.1643336 2.5105264 -1.1915352 0 P 0
L 2.5064784 2.5998496 2.5105264 2.6270584 0 P 0
L -2.5064792 -1.1685048 -2.4193016 -0.7341352 0 P 0
L -2.5064792 2.5956776 -2.4193016 2.1614536 0 P 0
L 2.5105264 -1.1915352 2.6221552 -2.4659232 0 P 0
L 2.5105264 2.6270584 2.6221552 3.901632 0 P 0
L -2.5105272 -1.1957136 -2.5064792 -1.1685048 0 P 0
L -2.5105272 2.6228792 -2.5064792 2.5956776 0 P 0
L 2.5341904 0.1023152 2.5341904 0.3002776 0 P 0
L 2.5341904 0.1023152 2.5344496 -0.1772 0 P 0
L 2.5341904 0.3002776 2.5364592 0.3233048 0 P 0
L 2.5341904 1.1352848 2.5341904 1.3332472 0 P 0
L 2.5341904 1.1352848 2.5364592 1.1122616 0 P 0
L 2.5341904 1.3332472 2.5344496 1.6127632 0 P 0
L -2.5341912 0.0980976 -2.5341912 0.29606 0 P 0
L -2.5341912 1.1310672 -2.5341912 1.3290288 0 P 0
L 2.5344496 -0.1772 2.5367712 -0.2005528 0 P 0
L -2.5344496 -0.1814184 -2.5341912 0.0980976 0 P 0
L -2.5344496 1.6085448 -2.5341912 1.3290288 0 P 0
L 2.5344496 1.6127632 2.5367728 1.6361328 0 P 0
L 2.5364592 0.3233048 2.5431776 0.3454504 0 P 0
L 2.5364592 1.1122616 2.5431776 1.0901272 0 P 0
L -2.53646 0.3190832 -2.5341912 0.29606 0 P 0
L -2.53646 1.10804 -2.5341912 1.1310672 0 P 0
L 2.5367712 -0.2005528 2.5436032 -0.2230008 0 P 0
L -2.536772 -0.2047752 -2.5344496 -0.1814184 0 P 0
L 2.5367728 1.6361328 2.5436144 1.6586048 0 P 0
L -2.5367744 1.6319112 -2.5344496 1.6085448 0 P 0
L 2.5431776 0.3454504 2.5540896 0.365864 0 P 0
L 2.5431776 1.0901272 2.5540896 1.069732 0 P 0
L -2.5431792 0.3412176 -2.53646 0.3190832 0 P 0
L -2.5431792 1.0858944 -2.53646 1.10804 0 P 0
L 2.5436032 -0.2230008 2.5546864 -0.2436832 0 P 0
L -2.5436048 -0.2272344 -2.536772 -0.2047752 0 P 0
L 2.5436144 1.6586048 2.5547104 1.6793144 0 P 0
L -2.543616 1.6543712 -2.5367744 1.6319112 0 P 0
L 2.5540896 0.365864 2.568776 0.3837608 0 P 0
L 2.5540896 1.069732 2.568776 1.0518592 0 P 0
L -2.5540912 0.3616128 -2.5431792 0.3412176 0 P 0
L -2.5540912 1.0654808 -2.5431792 1.0858944 0 P 0
L 2.5546864 -0.2436832 2.5695936 -0.2618056 0 P 0
L -2.5546872 -0.2479352 -2.5436048 -0.2272344 0 P 0
L -2.5547104 1.6750624 -2.543616 1.6543712 0 P 0
L 2.5547104 1.6793144 2.569632 1.6974656 0 P 0
L 2.568776 0.3837608 2.5866704 0.3984536 0 P 0
L 2.568776 1.0518592 2.5866704 1.0371968 0 P 0
L -2.5687768 0.3794856 -2.5540912 0.3616128 0 P 0
L -2.5687768 1.047584 -2.5540912 1.0654808 0 P 0
L 2.5695936 -0.2618056 2.5877504 -0.276672 0 P 0
L -2.5695936 -0.2660824 -2.5546872 -0.2479352 0 P 0
L 2.569632 1.6974656 2.587808 1.7123616 0 P 0
L -2.5696328 1.6931888 -2.5547104 1.6750624 0 P 0
L -2.5866704 0.394148 -2.5687768 0.3794856 0 P 0
L 2.5866704 0.3984536 2.6070848 0.4093768 0 P 0
L -2.5866704 1.0328912 -2.5687768 1.047584 0 P 0
L 2.5866704 1.0371968 2.6070848 1.0263072 0 P 0
L 2.5877504 -0.276672 2.6084624 -0.287712 0 P 0
L -2.5877512 -0.2809792 -2.5695936 -0.2660824 0 P 0
L 2.587808 1.7123616 2.6085392 1.7234296 0 P 0
L -2.5878088 1.7080544 -2.5696328 1.6931888 0 P 0
L 2.6070848 0.4093768 2.6292352 0.4161112 0 P 0
L 2.6070848 1.0263072 2.6292352 1.0196096 0 P 0
L -2.6070856 0.4050376 -2.5866704 0.394148 0 P 0
L -2.6070856 1.021968 -2.5866704 1.0328912 0 P 0
L 2.6084624 -0.287712 2.6309344 -0.2945024 0 P 0
L -2.6084632 -0.2920536 -2.5877512 -0.2809792 0 P 0
L 2.6085392 1.7234296 2.6310304 1.7302448 0 P 0
L -2.6085408 1.719088 -2.5878088 1.7080544 0 P 0
L -2.6221568 -2.4702876 -1.625388 -2.556674 0 P 0
L -2.6221568 -2.4702876 -2.5105272 -1.1957136 0 P 0
L -2.6221568 3.897268 -1.625388 3.9853136 0 P 0
L -2.6221568 3.897268 -2.5105272 2.6228792 0 P 0
L 2.6292352 0.4161112 2.6522736 0.4183984 0 P 0
L 2.6292352 1.0196096 2.6522736 1.0173608 0 P 0
L -2.6292368 0.4117352 -2.6070856 0.4050376 0 P 0
L -2.6292368 1.0152336 -2.6070856 1.021968 0 P 0
L 2.6309344 -0.2945024 2.6543024 -0.2967816 0 P 0
L -2.6309352 -0.2988816 -2.6084632 -0.2920536 0 P 0
L -2.6310304 1.7258656 -2.6085408 1.719088 0 P 0
L 2.6310304 1.7302448 2.6544144 1.732544 0 P 0
L -2.6522736 0.413984 -2.6292368 0.4117352 0 P 0
L 2.6522736 0.4183984 2.9071712 0.4186104 0 P 0
L -2.6522736 1.0129464 -2.6292368 1.0152336 0 P 0
L 2.6522736 1.0173608 2.9071712 1.0175728 0 P 0
L 2.6543024 -0.2967816 2.6544144 -0.2967816 0 P 0
L -2.654304 -0.3012 -2.6309352 -0.2988816 0 P 0
L 2.6544144 -0.2967816 2.8683024 -0.2964056 0 P 0
L 2.6544144 1.732544 2.8683024 1.732524 0 P 0
L -2.6544152 -0.3012 -2.654304 -0.3012 0 P 0
L -2.6544152 1.7281264 -2.6310304 1.7258656 0 P 0
L 2.6766288 -0.6561208 2.6767392 -0.65612 0 P 0
L 2.6766288 2.09192 2.6993248 2.0940848 0 P 0
L -2.6766304 -0.6605752 -2.4965104 -0.660592 0 P 0
L -2.6766304 2.0874648 -2.4965104 2.0877816 0 P 0
L 2.6767392 -0.65612 2.6994064 -0.6582632 0 P 0
L -2.6767408 -0.6605752 -2.6766304 -0.6605752 0 P 0
L 2.6993248 2.0940848 2.7212048 2.1005056 0 P 0
L -2.6993264 2.089592 -2.6766304 2.0874648 0 P 0
L 2.6994064 -0.6582632 2.721256 -0.6646528 0 P 0
L -2.699408 -0.662756 -2.6767408 -0.6605752 0 P 0
L 2.7212048 2.1005056 2.7414752 2.1109496 0 P 0
L -2.7212056 2.0959768 -2.6993264 2.089592 0 P 0
L 2.721256 -0.6646528 2.7414976 -0.6750576 0 P 0
L -2.7212568 -0.6691816 -2.699408 -0.662756 0 P 0
L 2.7414752 2.1109496 2.7594032 2.12504 0 P 0
L -2.741476 2.1063872 -2.7212056 2.0959768 0 P 0
L 2.7414976 -0.6750576 2.7594032 -0.6891024 0 P 0
L -2.7414992 -0.67962 -2.7212568 -0.6691816 0 P 0
L 2.7594032 -0.6891024 2.7736336 -0.7026392 0 P 0
L 2.7594032 2.12504 2.7736336 2.1386 0 P 0
L -2.759404 -0.6936952 -2.7414992 -0.67962 0 P 0
L -2.759404 2.1204472 -2.741476 2.1063872 0 P 0
L 2.7736336 -0.7026392 2.7998496 -0.7276304 0 P 0
L 2.7736336 2.1386 2.7998496 2.1636352 0 P 0
L -2.7736352 -0.7072552 -2.759404 -0.6936952 0 P 0
L -2.7736352 2.1339832 -2.759404 2.1204472 0 P 0
L 2.7998496 -0.7276304 3.1915264 -1.1040376 0 P 0
L 2.7998496 2.1636352 3.1915264 2.5406944 0 P 0
L -2.7998504 -0.7322904 -2.7736352 -0.7072552 0 P 0
L -2.7998504 2.1589752 -2.7736352 2.1339832 0 P 0
L 2.8683024 -0.2964056 3.0254256 -0.445856 0 P 0
L 2.8683024 1.732524 3.0254256 1.882236 0 P 0
L -2.868304 -0.30118 -2.6544152 -0.3012 0 P 0
L -2.868304 1.7277504 -2.6544152 1.7281264 0 P 0
L -2.9071712 0.413772 -2.6522736 0.413984 0 P 0
L 2.9071712 0.4186104 2.9440992 0.4164688 0 P 0
L -2.9071712 1.0127344 -2.6522736 1.0129464 0 P 0
L 2.9071712 1.0175728 2.9440992 1.0197752 0 P 0
L 2.9440992 0.4164688 2.9805184 0.4100144 0 P 0
L 2.9440992 1.0197752 2.9805184 1.0262912 0 P 0
L -2.9441 0.4115688 -2.9071712 0.413772 0 P 0
L -2.9441 1.0148752 -2.9071712 1.0127344 0 P 0
L 2.9805184 0.4100144 3.0159248 0.3993336 0 P 0
L 2.9805184 1.0262912 3.0159248 1.0370304 0 P 0
L -2.9805192 0.4050536 -2.9441 0.4115688 0 P 0
L -2.9805192 1.0213304 -2.9441 1.0148752 0 P 0
L 3.0159248 0.3993336 3.0498304 0.384576 0 P 0
L 3.0159248 1.0370304 3.0498304 1.0518448 0 P 0
L -3.0159256 0.3943144 -2.9805192 0.4050536 0 P 0
L -3.0159256 1.0320104 -2.9805192 1.0213304 0 P 0
L 3.0254256 -0.445856 3.05164 -0.4708472 0 P 0
L 3.0254256 1.882236 3.05164 1.9072712 0 P 0
L -3.0254272 -0.4508912 -2.868304 -0.30118 0 P 0
L -3.0254272 1.8772 -2.868304 1.7277504 0 P 0
L 3.0498304 0.384576 3.1004352 0.3618392 0 P 0
L 3.0498304 1.0518448 3.0957488 1.0727888 0 P 0
L -3.0498312 0.3795 -3.0159256 0.3943144 0 P 0
L -3.0498312 1.046768 -3.0159256 1.0320104 0 P 0
L 3.05164 -0.4708472 3.4408512 -0.8448824 0 P 0
L 3.05164 1.9072712 3.4408512 2.2819544 0 P 0
L -3.0516416 -0.4759264 -3.0254272 -0.4508912 0 P 0
L -3.0516416 1.902192 -3.0254272 1.8772 0 P 0
L 3.0957488 1.0727888 3.1432848 1.08974 0 P 0
L -3.0957496 1.067636 -3.0498312 1.046768 0 P 0
L 3.1004352 0.3618392 3.1529568 0.3439528 0 P 0
L -3.1004368 0.3566784 -3.0498312 0.3795 0 P 0
L 3.1432848 1.08974 3.1920928 1.1025728 0 P 0
L -3.1432864 1.084508 -3.0957496 1.067636 0 P 0
L 3.1529568 0.3439528 3.2069296 0.3310768 0 P 0
L -3.1529576 0.3387056 -3.1004368 0.3566784 0 P 0
L 3.1915264 -1.1040376 3.4408512 -0.8448824 0 P 0
L 3.1915264 2.5406944 3.4408512 2.2819544 0 P 0
L -3.191528 -1.1093496 -2.7998504 -0.7322904 0 P 0
L -3.191528 2.5353824 -2.7998504 2.1589752 0 P 0
L 3.1920928 1.1025728 3.241816 1.1111952 0 P 0
L -3.1920944 1.09726 -3.1432864 1.084508 0 P 0
L 3.2069296 0.3310768 3.2618784 0.323324 0 P 0
L -3.2069312 0.3257392 -3.1529576 0.3387056 0 P 0
L 3.241816 1.1111952 3.2920896 1.1155432 0 P 0
L -3.2418168 1.1058 -3.1920944 1.09726 0 P 0
L 3.2618784 0.323324 3.3173184 0.3207624 0 P 0
L -3.2618808 0.3178944 -3.2069312 0.3257392 0 P 0
L 3.2920896 1.1155432 3.3425472 1.1155856 0 P 0
L -3.2920904 1.110064 -3.2418168 1.1058 0 P 0
L 3.3173184 0.3207624 3.3727568 0.323416 0 P 0
L -3.3173192 0.3152416 -3.2618808 0.3178944 0 P 0
L 3.3425472 1.1155856 3.3928208 1.1113208 0 P 0
L -3.3425488 1.1100216 -3.2920904 1.110064 0 P 0
L 3.3727568 0.323416 3.4277056 0.3312608 0 P 0
L -3.3727584 0.3178024 -3.3173192 0.3152416 0 P 0
L 3.3928208 1.1113208 3.442544 1.1027816 0 P 0
L -3.3928224 1.1056736 -3.3425488 1.1100216 0 P 0
L 3.4277056 0.3312608 3.48168 0.3442264 0 P 0
L -3.427708 0.3255552 -3.3727584 0.3178024 0 P 0
L -3.4408512 -0.8506096 -3.0516416 -0.4759264 0 P 0
L -3.4408512 -0.8506096 -3.191528 -1.1093496 0 P 0
L -3.4408512 2.2762272 -3.0516416 1.902192 0 P 0
L -3.4408512 2.2762272 -3.191528 2.5353824 0 P 0
L 3.442544 1.1027816 3.491352 1.0900296 0 P 0
L -3.4425448 1.097052 -3.3928224 1.1056736 0 P 0
L 3.48168 0.3442264 3.5342016 0.3622 0 P 0
L -3.4816816 0.338432 -3.427708 0.3255552 0 P 0
L 3.491352 1.0900296 3.538888 1.0731576 0 P 0
L -3.4913528 1.0842184 -3.4425448 1.097052 0 P 0
L 3.5342016 0.3622 3.5848064 0.3850216 0 P 0
L -3.5342024 0.3563176 -3.4816816 0.338432 0 P 0
L 3.538888 1.0731576 3.5848064 1.0522896 0 P 0
L -3.5388888 1.0672672 -3.4913528 1.0842184 0 P 0
L 3.5848064 0.3850216 3.6186912 0.399828 0 P 0
L 3.5848064 1.0522896 3.618712 1.037532 0 P 0
L -3.5848072 0.3790552 -3.5342024 0.3563176 0 P 0
L -3.5848072 1.0463232 -3.5388888 1.0672672 0 P 0
L 3.6186912 0.399828 3.6540768 0.4105648 0 P 0
L -3.6186928 0.3938048 -3.5848072 0.3790552 0 P 0
L 3.618712 1.037532 3.65412 1.026852 0 P 0
L -3.6187136 1.0315088 -3.5848072 1.0463232 0 P 0
L 3.6540768 0.4105648 3.6904736 0.4170824 0 P 0
L -3.6540776 0.4044824 -3.6186928 0.3938048 0 P 0
L -3.65412 1.0207696 -3.6187136 1.0315088 0 P 0
L 3.65412 1.026852 3.6905376 1.0203968 0 P 0
L 3.6904736 0.4170824 3.7273792 0.4192928 0 P 0
L -3.6904744 0.41094 -3.6540776 0.4044824 0 P 0
L 3.6905376 1.0203968 3.7274656 1.018256 0 P 0
L -3.6905392 1.0142544 -3.65412 1.0207696 0 P 0
L 3.7257136 0.1325768 3.7490784 0.1349168 0 P 0
L 3.7257136 -0.2268008 3.7257136 0.1325768 0 P 0
L 3.7257136 -0.2268008 4.324984 -0.2263024 0 P 0
L 3.7257136 1.3049688 3.7257136 1.6643464 0 P 0
L 3.7257136 1.3049688 3.7490944 1.302684 0 P 0
L 3.7257136 1.6643464 4.324984 1.6648448 0 P 0
L -3.7257144 -0.2330016 -3.7257144 0.126376 0 P 0
L -3.7257144 1.298768 -3.7257144 1.6581456 0 P 0
L 3.7273792 0.4192928 3.7504176 0.417044 0 P 0
L -3.7273808 0.4130888 -3.6904744 0.41094 0 P 0
L 3.7274656 1.018256 3.7505024 1.0205424 0 P 0
L -3.727468 1.0120512 -3.6905392 1.0142544 0 P 0
L 3.7490784 0.1349168 3.7715424 0.141764 0 P 0
L -3.7490792 0.1286768 -3.7257144 0.126376 0 P 0
L 3.7490944 1.302684 3.7715776 1.2958832 0 P 0
L -3.749096 1.296444 -3.7257144 1.298768 0 P 0
L 3.7504176 0.417044 3.772568 0.4103464 0 P 0
L -3.7504192 0.4108016 -3.7273808 0.4130888 0 P 0
L 3.7505024 1.0205424 3.7726528 1.027276 0 P 0
L -3.7505032 1.0143 -3.727468 1.0120512 0 P 0
L 3.7715424 0.141764 3.7922432 0.152856 0 P 0
L -3.771544 0.1354864 -3.7490792 0.1286768 0 P 0
L 3.7715776 1.2958832 3.7922976 1.2848288 0 P 0
L -3.7715792 1.2896064 -3.749096 1.296444 0 P 0
L 3.772568 0.4103464 3.7929824 0.3994568 0 P 0
L -3.772572 0.4040664 -3.7504192 0.4108016 0 P 0
L 3.7726528 1.027276 3.7930656 1.0381976 0 P 0
L -3.7726536 1.0209968 -3.7505032 1.0143 0 P 0
L 3.7922432 0.152856 3.8103872 0.167768 0 P 0
L -3.7922448 0.146544 -3.771544 0.1354864 0 P 0
L 3.7922976 1.2848288 3.8104592 1.269944 0 P 0
L -3.7922992 1.2785168 -3.7715792 1.2896064 0 P 0
L 3.7929824 0.3994568 3.8108768 0.3847944 0 P 0
L -3.792988 0.3931416 -3.772572 0.4040664 0 P 0
L 3.7930656 1.0381976 3.81096 1.0528888 0 P 0
L -3.7930672 1.0318848 -3.7726536 1.0209968 0 P 0
L 3.8103872 0.167768 3.8252768 0.1859264 0 P 0
L -3.8103888 0.1614256 -3.7922448 0.146544 0 P 0
L 3.8104592 1.269944 3.8253632 1.2518024 0 P 0
L -3.81046 1.2636016 -3.7922992 1.2785168 0 P 0
L 3.8108768 0.3847944 3.8255616 0.3669216 0 P 0
L -3.8108824 0.3784472 -3.792988 0.3931416 0 P 0
L 3.81096 1.0528888 3.8256448 1.0707832 0 P 0
L -3.8109608 1.0465456 -3.7930672 1.0318848 0 P 0
L 3.8252768 0.1859264 3.8363408 0.2066352 0 P 0
L -3.8252784 0.17956 -3.8103888 0.1614256 0 P 0
L -3.8253632 1.2454352 -3.81046 1.2636016 0 P 0
L 3.8253632 1.2518024 3.8364368 1.2310992 0 P 0
L 3.8255616 0.3669216 3.8364752 0.3465264 0 P 0
L -3.8255672 0.360548 -3.8108824 0.3784472 0 P 0
L 3.8256448 1.0707832 3.8365584 1.0911952 0 P 0
L -3.8256456 1.064416 -3.8109608 1.0465456 0 P 0
L 3.8363408 0.2066352 3.8431552 0.2290992 0 P 0
L -3.8363424 0.2002504 -3.8252784 0.17956 0 P 0
L -3.8364368 1.2247144 -3.8253632 1.2454352 0 P 0
L 3.8364368 1.2310992 3.8432544 1.208632 0 P 0
L 3.8364752 0.3465264 3.8431936 0.324392 0 P 0
L -3.8364792 0.3401328 -3.8255672 0.360548 0 P 0
L -3.8365584 1.0848096 -3.8256456 1.064416 0 P 0
L 3.8365584 1.0911952 3.8432784 1.1133384 0 P 0
L 3.8431552 0.2290992 3.8454576 0.2524568 0 P 0
L -3.843156 0.2227032 -3.8363424 0.2002504 0 P 0
L 3.8431936 0.324392 3.8454624 0.3013688 0 P 0
L -3.8431968 0.3179848 -3.8364792 0.3401328 0 P 0
L 3.8432544 1.208632 3.8455552 1.1852632 0 P 0
L -3.8432552 1.2022352 -3.8364368 1.2247144 0 P 0
L 3.8432784 1.1133384 3.8455488 1.136364 0 P 0
L -3.8432792 1.1069416 -3.8365584 1.0848096 0 P 0
L 3.8454576 0.2524568 3.8454624 0.3013688 0 P 0
L -3.8454592 0.246056 -3.843156 0.2227032 0 P 0
L -3.845464 0.294956 -3.8431968 0.3179848 0 P 0
L -3.845464 0.294956 -3.8454592 0.246056 0 P 0
L 3.8455488 1.136364 3.8455552 1.1852632 0 P 0
L -3.8455504 1.1299632 -3.8432792 1.1069416 0 P 0
L -3.845556 1.1788632 -3.8432552 1.2022352 0 P 0
L -3.845556 1.1788632 -3.8455504 1.1299632 0 P 0
L 4.2050208 0.2527808 4.2050368 0.4197032 0 P 0
L 4.2050208 0.2527808 4.20732 0.2294104 0 P 0
L 4.2050368 0.4197032 4.2073424 0.4430736 0 P 0
L -4.2050384 0.412704 -4.2050208 0.2457816 0 P 0
L 4.2050992 1.0186656 4.2051168 1.185588 0 P 0
L 4.2050992 1.0186656 4.2074 0.9952952 0 P 0
L 4.2051168 1.185588 4.2074224 1.2089584 0 P 0
L -4.2051176 1.1785888 -4.2051008 1.0116664 0 P 0
L 4.20732 0.2294104 4.2141392 0.2069416 0 P 0
L -4.2073216 0.222408 -4.2050208 0.2457816 0 P 0
L 4.2073424 0.4430736 4.2141648 0.4655496 0 P 0
L -4.2073432 0.4360704 -4.2050384 0.412704 0 P 0
L 4.2074 0.9952952 4.2142192 0.9728264 0 P 0
L -4.2074016 0.9882928 -4.2051008 1.0116664 0 P 0
L 4.2074224 1.2089584 4.2142432 1.2314344 0 P 0
L -4.2074232 1.2019552 -4.2051176 1.1785888 0 P 0
L 4.2141392 0.2069416 4.2252144 0.1862384 0 P 0
L -4.2141408 0.199928 -4.2073216 0.222408 0 P 0
L -4.2141648 0.4585352 -4.2073432 0.4360704 0 P 0
L 4.2141648 0.4655496 4.22524 0.4862664 0 P 0
L 4.2142192 0.9728264 4.2252944 0.9521232 0 P 0
L -4.21422 0.9658128 -4.2074016 0.9882928 0 P 0
L 4.2142432 1.2314344 4.22532 1.252152 0 P 0
L -4.2142448 1.22442 -4.2074232 1.2019552 0 P 0
L 4.2252144 0.1862384 4.24012 0.168096 0 P 0
L -4.225216 0.1792056 -4.2141408 0.199928 0 P 0
L 4.22524 0.4862664 4.2401456 0.5044304 0 P 0
L -4.2252416 0.4792344 -4.2141648 0.4585352 0 P 0
L 4.2252944 0.9521232 4.2401984 0.9339808 0 P 0
L -4.2252952 0.9450904 -4.21422 0.9658128 0 P 0
L 4.22532 1.252152 4.2402256 1.2703152 0 P 0
L -4.2253208 1.2451192 -4.2142448 1.22442 0 P 0
L 4.24012 0.168096 4.2582832 0.1532112 0 P 0
L -4.2401208 0.1610384 -4.225216 0.1792056 0 P 0
L 4.2401456 0.5044304 4.2583072 0.5193408 0 P 0
L -4.2401472 0.4973728 -4.2252416 0.4792344 0 P 0
L 4.2401984 0.9339808 4.2583616 0.919096 0 P 0
L -4.2402008 0.9269232 -4.2252952 0.9450904 0 P 0
L 4.2402256 1.2703152 4.2583872 1.2852256 0 P 0
L -4.2402264 1.2632576 -4.2253208 1.2451192 0 P 0
L 4.2582832 0.1532112 4.2790048 0.1421568 0 P 0
L -4.258284 0.146124 -4.2401208 0.1610384 0 P 0
L 4.2583072 0.5193408 4.2790272 0.5304272 0 P 0
L -4.2583088 0.5122536 -4.2401472 0.4973728 0 P 0
L 4.2583616 0.919096 4.2790848 0.9080424 0 P 0
L -4.2583632 0.9120088 -4.2402008 0.9269232 0 P 0
L 4.2583872 1.2852256 4.2791072 1.296312 0 P 0
L -4.258388 1.2781384 -4.2402264 1.2632576 0 P 0
L 4.2790048 0.1421568 4.3014896 0.1353584 0 P 0
L -4.2790056 0.1350352 -4.258284 0.146124 0 P 0
L 4.2790272 0.5304272 4.3015104 0.5372616 0 P 0
L -4.2790288 0.5233048 -4.2583088 0.5122536 0 P 0
L 4.2790848 0.9080424 4.3015696 0.9012432 0 P 0
L -4.2790856 0.90092 -4.2583632 0.9120088 0 P 0
L 4.2791072 1.296312 4.3015904 1.3031464 0 P 0
L -4.2791088 1.2891896 -4.258388 1.2781384 0 P 0
L 4.3014896 0.1353584 4.3248736 0.1330752 0 P 0
L -4.3014912 0.1281984 -4.2790056 0.1350352 0 P 0
L 4.3015104 0.5372616 4.3248912 0.5395824 0 P 0
L -4.3015112 0.5301024 -4.2790288 0.5233048 0 P 0
L 4.3015696 0.9012432 4.3249536 0.89896 0 P 0
L -4.3015704 0.8940832 -4.2790856 0.90092 0 P 0
L 4.3015904 1.3031464 4.3249712 1.3054672 0 P 0
L -4.3015912 1.2959872 -4.2791088 1.2891896 0 P 0
L 4.3248736 0.1330752 4.324984 0.133076 0 P 0
L -4.3248752 0.1258768 -4.3014912 0.1281984 0 P 0
L 4.3248912 0.5395824 4.3656752 0.536964 0 P 0
L -4.324892 0.532384 -4.3015112 0.5301024 0 P 0
L 4.3249536 0.89896 4.3657328 0.9016528 0 P 0
L -4.3249544 0.8917616 -4.3015704 0.8940832 0 P 0
L 4.3249712 1.3054672 4.324984 1.3054672 0 P 0
L -4.324972 1.2982688 -4.3015912 1.2959872 0 P 0
L -4.324984 0.1258768 -4.3248752 0.1258768 0 P 0
L 4.324984 -0.2263024 4.324984 0.133076 0 P 0
L -4.324984 -0.2335008 -3.7257144 -0.2330016 0 P 0
L -4.324984 -0.2335008 -4.324984 0.1258768 0 P 0
L -4.324984 1.2982688 -4.324972 1.2982688 0 P 0
L -4.324984 1.2982688 -4.324984 1.6576464 0 P 0
L 4.324984 1.3054672 4.324984 1.6648448 0 P 0
L -4.324984 1.6576464 -3.7257144 1.6581456 0 P 0
L 4.3656752 0.536964 4.4059648 0.530132 0 P 0
L -4.3656768 0.5296976 -4.324892 0.532384 0 P 0
L -4.3657328 0.8943864 -4.3249544 0.8917616 0 P 0
L 4.3657328 0.9016528 4.4060144 0.9085568 0 P 0
L 4.4059648 0.530132 4.4453248 0.5191608 0 P 0
L -4.4059656 0.5227984 -4.3656768 0.5296976 0 P 0
L 4.4060144 0.9085568 4.445368 0.9195968 0 P 0
L -4.406016 0.9012232 -4.3657328 0.8943864 0 P 0
L 4.4453248 0.5191608 4.4833296 0.504168 0 P 0
L -4.4453256 0.5117616 -4.4059656 0.5227984 0 P 0
L 4.445368 0.9195968 4.483368 0.9346552 0 P 0
L -4.4453696 0.9121984 -4.406016 0.9012232 0 P 0
L 4.4833296 0.504168 4.5195712 0.485316 0 P 0
L -4.4833312 0.4967056 -4.4453256 0.5117616 0 P 0
L 4.483368 0.9346552 4.5196032 0.9535688 0 P 0
L -4.4833688 0.9271928 -4.4453696 0.9121984 0 P 0
L 4.5195712 0.485316 4.5536592 0.462808 0 P 0
L -4.5195736 0.4777936 -4.4833312 0.4967056 0 P 0
L 4.5196032 0.9535688 4.5536848 0.9761336 0 P 0
L -4.5196048 0.9460464 -4.4833688 0.9271928 0 P 0
L 4.5536592 0.462808 4.5852256 0.4368864 0 P 0
L -4.5536608 0.4552288 -4.5195736 0.4777936 0 P 0
L 4.5536848 0.9761336 4.5852448 1.0021072 0 P 0
L -4.5536864 0.9685544 -4.5196048 0.9460464 0 P 0
L 4.5852256 0.4368864 4.6139296 0.4078304 0 P 0
L -4.5852272 0.4292544 -4.5536608 0.4552288 0 P 0
L 4.5852448 1.0021072 4.613944 1.0312088 0 P 0
L -4.5852464 0.9944752 -4.5536864 0.9685544 0 P 0
L 4.6139296 0.4078304 4.6394608 0.3759536 0 P 0
L -4.6139304 0.4001512 -4.5852272 0.4292544 0 P 0
L 4.613944 1.0312088 4.6394704 1.0631248 0 P 0
L -4.6139448 1.0235288 -4.5852464 0.9944752 0 P 0
L 4.6394608 0.3759536 4.6615472 0.3416 0 P 0
L -4.6394624 0.368232 -4.6139304 0.4001512 0 P 0
L 4.6394704 1.0631248 4.661552 1.0975112 0 P 0
L -4.639472 1.0554032 -4.6139448 1.0235288 0 P 0
L 4.6615472 0.3416 4.6799472 0.30514 0 P 0
L -4.661548 0.3338416 -4.6394624 0.368232 0 P 0
L 4.661552 1.0975112 4.6799488 1.1339984 0 P 0
L -4.6615528 1.0897528 -4.639472 1.0554032 0 P 0
L 4.6799472 0.30514 4.6944624 0.2669656 0 P 0
L -4.679948 0.2973504 -4.661548 0.3338416 0 P 0
L 4.6799488 1.1339984 4.6944624 1.172192 0 P 0
L -4.6799496 1.1262088 -4.6615528 1.0897528 0 P 0
L 4.6944624 0.2669656 4.7106816 0.2235832 0 P 0
L 4.6944624 1.172192 4.7106816 1.2156016 0 P 0
L -4.694464 0.2591528 -4.679948 0.2973504 0 P 0
L -4.694464 1.1643784 -4.6799496 1.1262088 0 P 0
L -4.710376 1.2070424 -4.694464 1.1643784 0 P 0
L 4.7106816 0.2235832 4.730848 0.1818896 0 P 0
L 4.7106816 1.2156016 4.730848 1.2573288 0 P 0
L -4.7106832 0.2157424 -4.694464 0.2591528 0 P 0
L -4.7301064 1.24808 -4.710376 1.2070424 0 P 0
L 4.730848 0.1818896 4.7547888 0.1422424 0 P 0
L 4.730848 1.2573288 4.7547888 1.2970152 0 P 0
L -4.7308496 0.1740152 -4.7106832 0.2157424 0 P 0
L -4.7534912 1.2871504 -4.7301064 1.24808 0 P 0
L 4.7547888 0.1422424 4.7822992 0.1049832 0 P 0
L 4.7547888 1.2970152 4.7822992 1.3343208 0 P 0
L -4.7547904 0.1343288 -4.7308496 0.1740152 0 P 0
L -4.7803376 1.3239296 -4.7534912 1.2871504 0 P 0
L 4.7822992 0.1049832 4.813144 0.0704304 0 P 0
L 4.7822992 1.3343208 4.813144 1.3689248 0 P 0
L -4.7823008 0.0970232 -4.7547904 0.1343288 0 P 0
L -4.8104216 1.358112 -4.7803376 1.3239296 0 P 0
L 4.813144 0.0704304 4.847056 0.0388808 0 P 0
L 4.813144 1.3689248 4.847056 1.4005312 0 P 0
L -4.8131448 0.0624192 -4.7823008 0.0970232 0 P 0
L -4.8434936 1.389416 -4.8104216 1.358112 0 P 0
L 4.847056 0.0388808 4.8837456 0.0106048 0 P 0
L 4.847056 1.4005312 4.8837456 1.428868 0 P 0
L -4.8470568 0.0308128 -4.8131448 0.0624192 0 P 0
L -4.8792808 1.41758 -4.8434936 1.389416 0 P 0
L 4.8837456 0.0106048 4.9228992 -0.0141544 0 P 0
L 4.8837456 1.428868 4.9228992 1.4536928 0 P 0
L -4.8837472 0.002476 -4.8470568 0.0308128 0 P 0
L -4.9174856 1.442372 -4.8792808 1.41758 0 P 0
L 4.9228992 -0.0141544 4.9641792 -0.0351856 0 P 0
L 4.9228992 1.4536928 4.9641792 1.474792 0 P 0
L -4.9229 -0.0223488 -4.8837472 0.002476 0 P 0
L -4.9577912 1.4635856 -4.9174856 1.442372 0 P 0
L 4.9641792 -0.0351856 5.007232 -0.0523072 0 P 0
L 4.9641792 1.474792 5.007232 1.4919856 0 P 0
L -4.96418 -0.043448 -4.9229 -0.0223488 0 P 0
L 4.9680448 -0.665796 4.9914272 -0.6634744 0 P 0
L 4.9680448 -1.0251736 4.9680448 -0.665796 0 P 0
L 4.9680448 -1.0251736 5.5673152 -1.0246744 0 P 0
L 4.9680448 2.1054096 4.9680448 2.4647872 0 P 0
L 4.9680448 2.1054096 4.9914272 2.1031272 0 P 0
L 4.9680448 2.4647872 5.5673152 2.4652856 0 P 0
L -4.9680464 -1.0334424 -4.9680464 -0.6740648 0 P 0
L -4.9680464 2.0971408 -4.9680464 2.4565176 0 P 0
L 4.9914272 -0.6634744 5.013912 -0.6566392 0 P 0
L 4.9914272 2.1031272 5.013912 2.0963288 0 P 0
L -4.9914288 -0.6717824 -4.9680464 -0.6740648 0 P 0
L -4.9914288 2.0948192 -4.9680464 2.0971408 0 P 0
L -4.9998632 1.4810448 -4.9577912 1.4635856 0 P 0
L 5.007232 -0.0523072 5.0296016 -0.0627112 0 P 0
L 5.007232 1.4919856 5.0296016 1.5024264 0 P 0
L -5.0072328 -0.0606408 -4.96418 -0.043448 0 P 0
L 5.013912 -0.6566392 5.0346336 -0.645552 0 P 0
L 5.013912 2.0963288 5.0346336 2.085276 0 P 0
L -5.0139128 -0.664984 -4.9914288 -0.6717824 0 P 0
L -5.0139128 2.0879832 -4.9914288 2.0948192 0 P 0
L 5.0296016 -0.0627112 5.04936 -0.0774752 0 P 0
L 5.0296016 1.5024264 5.04936 1.517224 0 P 0
L -5.0296024 -0.0710824 -5.0072328 -0.0606408 0 P 0
L 5.0299936 0.4203768 5.0299936 1.0193392 0 P 0
L 5.0299936 0.4203768 5.0321328 0.3959336 0 P 0
L 5.0299936 1.0193392 5.0321328 1.0437864 0 P 0
L -5.0299952 0.4120048 -5.0299952 1.010968 0 P 0
L -5.0301 0.4065712 -5.0299952 0.4120048 0 P 0
L 5.0321328 0.3959336 5.038488 0.372236 0 P 0
L 5.0321328 1.0437864 5.038488 1.0674944 0 P 0
L -5.0321352 1.0354112 -5.0299952 1.010968 0 P 0
L -5.033056 0.3828144 -5.0301 0.4065712 0 P 0
L 5.0346336 -0.645552 5.0527952 -0.6306392 0 P 0
L -5.0346336 -0.6539312 -5.0139128 -0.664984 0 P 0
L -5.0346336 2.076896 -5.0139128 2.0879832 0 P 0
L 5.0346336 2.085276 5.0527952 2.0703936 0 P 0
L 5.038488 0.372236 5.048864 0.3500048 0 P 0
L 5.038488 1.0674944 5.048864 1.0897424 0 P 0
L -5.0384896 1.0591088 -5.0321352 1.0354112 0 P 0
L -5.0399952 0.3598984 -5.033056 0.3828144 0 P 0
L -5.0433536 1.4946048 -4.9998632 1.4810448 0 P 0
L 5.048864 0.3500048 5.0629456 0.329916 0 P 0
L 5.048864 1.0897424 5.0629456 1.1098552 0 P 0
L -5.0488648 1.0813392 -5.0384896 1.0591088 0 P 0
L 5.04936 -0.0774752 5.065672 -0.0959744 0 P 0
L 5.04936 1.517224 5.065672 1.5357504 0 P 0
L -5.0493616 -0.08588 -5.0296024 -0.0710824 0 P 0
L -5.0507176 0.3384856 -5.0399952 0.3598984 0 P 0
L 5.0527952 -0.6306392 5.0677008 -0.6124736 0 P 0
L 5.0527952 2.0703936 5.0677008 2.0522528 0 P 0
L -5.052796 -0.6390488 -5.0346336 -0.6539312 0 P 0
L -5.052796 2.0619832 -5.0346336 2.076896 0 P 0
L 5.0629456 0.329916 5.0803056 0.3125792 0 P 0
L 5.0629456 1.1098552 5.0803056 1.1272216 0 P 0
L -5.0629472 1.1014288 -5.0488648 1.0813392 0 P 0
L -5.0649136 0.3191952 -5.0507176 0.3384856 0 P 0
L 5.065672 -0.0959744 5.0778432 -0.117424 0 P 0
L 5.065672 1.5357504 5.0778432 1.55722 0 P 0
L -5.0656728 -0.1044064 -5.0493616 -0.08588 0 P 0
L 5.0677008 -0.6124736 5.078776 -0.5917536 0 P 0
L 5.0677008 2.0522528 5.078776 2.0315512 0 P 0
L -5.0677016 -0.620908 -5.052796 -0.6390488 0 P 0
L -5.0677016 2.0438184 -5.052796 2.0619832 0 P 0
L 5.0778432 -0.117424 5.0853584 -0.1409144 0 P 0
L 5.0778432 1.55722 5.0853584 1.5807224 0 P 0
L -5.077844 -0.125876 -5.0656728 -0.1044064 0 P 0
L 5.078776 -0.5917536 5.0855968 -0.569276 0 P 0
L 5.078776 2.0315512 5.0855968 2.0090848 0 P 0
L -5.0787768 -0.6002072 -5.0677016 -0.620908 0 P 0
L -5.0787768 2.0230984 -5.0677016 2.0438184 0 P 0
L 5.0803056 0.3125792 5.1004176 0.2985208 0 P 0
L 5.0803056 1.1272216 5.1004176 1.1413128 0 P 0
L -5.0803072 1.1187656 -5.0629472 1.1014288 0 P 0
L -5.082172 0.3025848 -5.0649136 0.3191952 0 P 0
L 5.0853584 -0.1409144 5.0878992 -0.1654488 0 P 0
L 5.0853584 1.5807224 5.0878992 1.6052616 0 P 0
L -5.0853592 -0.1493784 -5.077844 -0.125876 0 P 0
L 5.0855968 -0.569276 5.0878992 -0.5459032 0 P 0
L 5.0855968 2.0090848 5.0878992 1.9857168 0 P 0
L -5.0855976 -0.57774 -5.0787768 -0.6002072 0 P 0
L -5.0855976 2.0006208 -5.0787768 2.0230984 0 P 0
L 5.0878992 -0.5459032 5.0878992 -0.1654488 0 P 0
L 5.0878992 1.6052616 5.0878992 1.9857168 0 P 0
L -5.0879008 -0.1739168 -5.0853592 -0.1493784 0 P 0
L -5.0879008 -0.554372 -5.0855976 -0.57774 0 P 0
L -5.0879008 -0.554372 -5.0879008 -0.1739168 0 P 0
L -5.0879008 1.5041544 -5.0433536 1.4946048 0 P 0
L -5.0879008 1.5041544 -5.0879008 1.977248 0 P 0
L -5.0879008 1.977248 -5.0855976 2.0006208 0 P 0
L 5.1004176 0.2985208 5.1226688 0.2881688 0 P 0
L 5.1004176 1.1413128 5.1226688 1.1517016 0 P 0
L -5.1004184 1.132824 -5.0803072 1.1187656 0 P 0
L -5.1019944 0.2891344 -5.082172 0.3025848 0 P 0
L 5.1226688 0.2881688 5.1463824 0.2818376 0 P 0
L 5.1226688 1.1517016 5.1463824 1.1580728 0 P 0
L -5.1226696 1.143176 -5.1004184 1.132824 0 P 0
L -5.1238072 0.2792336 -5.1019944 0.2891344 0 P 0
L 5.1463824 0.2818376 5.1708416 0.2797192 0 P 0
L 5.1463824 1.1580728 5.1708416 1.160232 0 P 0
L -5.1463848 1.1495072 -5.1226696 1.143176 0 P 0
L -5.14698 0.273168 -5.1238072 0.2792336 0 P 0
L 5.1708416 0.2797192 5.9898352 0.2804008 0 P 0
L 5.1708416 1.160232 5.9898352 1.1609136 0 P 0
L -5.1708424 0.2711128 -5.14698 0.273168 0 P 0
L -5.1708424 1.1516256 -5.1463848 1.1495072 0 P 0
L 5.4474624 -0.1992208 5.4497648 -0.1758488 0 P 0
L 5.4474624 -0.545604 5.4474624 -0.1992208 0 P 0
L 5.4474624 -0.545604 5.4497648 -0.5689728 0 P 0
L -5.4474624 -0.5546712 -5.4474624 -0.208288 0 P 0
L -5.4474624 1.6305656 -5.4474624 1.9769488 0 P 0
L 5.4474624 1.639632 5.4474624 1.986016 0 P 0
L 5.4474624 1.639632 5.4497648 1.616264 0 P 0
L 5.4474624 1.986016 5.4497648 2.009388 0 P 0
L 5.4497648 -0.1758488 5.456584 -0.1533704 0 P 0
L 5.4497648 -0.5689728 5.456584 -0.5914392 0 P 0
L 5.4497648 1.616264 5.456584 1.5937968 0 P 0
L 5.4497648 2.009388 5.456584 2.0318656 0 P 0
L -5.4497656 -0.1849192 -5.4474624 -0.208288 0 P 0
L -5.4497656 -0.5780432 -5.4474624 -0.5546712 0 P 0
L -5.4497656 1.6071928 -5.4474624 1.6305656 0 P 0
L -5.4497656 2.0003176 -5.4474624 1.9769488 0 P 0
L 5.456584 -0.1533704 5.4676608 -0.1326512 0 P 0
L 5.456584 -0.5914392 5.4676608 -0.6121408 0 P 0
L 5.456584 1.5937968 5.4676608 1.573096 0 P 0
L 5.456584 2.0318656 5.4676608 2.0525856 0 P 0
L -5.4565864 -0.1624528 -5.4497656 -0.1849192 0 P 0
L -5.4565864 -0.6005216 -5.4497656 -0.5780432 0 P 0
L -5.4565864 1.5847152 -5.4497656 1.6071928 0 P 0
L -5.4565864 2.022784 -5.4497656 2.0003176 0 P 0
L 5.4676608 -0.1326512 5.4825664 -0.1144856 0 P 0
L 5.4676608 -0.6121408 5.4825664 -0.6302816 0 P 0
L 5.4676608 1.573096 5.4825664 1.5549552 0 P 0
L 5.4676608 2.0525856 5.4825664 2.0707512 0 P 0
L -5.4676616 -0.1417512 -5.4565864 -0.1624528 0 P 0
L -5.4676616 -0.6212408 -5.4565864 -0.6005216 0 P 0
L -5.4676616 1.5639952 -5.4565864 1.5847152 0 P 0
L -5.4676616 2.0434856 -5.4565864 2.022784 0 P 0
L 5.4825664 -0.1144856 5.500728 -0.0995728 0 P 0
L 5.4825664 -0.6302816 5.500728 -0.645164 0 P 0
L 5.4825664 1.5549552 5.500728 1.5400728 0 P 0
L 5.4825664 2.0707512 5.500728 2.085664 0 P 0
L -5.4825672 -0.1236112 -5.4676616 -0.1417512 0 P 0
L -5.4825672 -0.6394064 -5.4676616 -0.6212408 0 P 0
L -5.4825672 1.5458304 -5.4676616 1.5639952 0 P 0
L -5.4825672 2.0616256 -5.4676616 2.0434856 0 P 0
L 5.500728 -0.0995728 5.5214496 -0.0884856 0 P 0
L 5.500728 -0.645164 5.5214496 -0.6562168 0 P 0
L 5.500728 1.5400728 5.5214496 1.52902 0 P 0
L 5.500728 2.085664 5.5214496 2.0967512 0 P 0
L -5.5007296 -0.108728 -5.4825672 -0.1236112 0 P 0
L -5.5007296 -0.6543192 -5.4825672 -0.6394064 0 P 0
L -5.5007296 1.5309176 -5.4825672 1.5458304 0 P 0
L -5.5007296 2.076508 -5.4825672 2.0616256 0 P 0
L 5.5214496 -0.0884856 5.5439328 -0.0816496 0 P 0
L 5.5214496 -0.6562168 5.5439328 -0.6630144 0 P 0
L 5.5214496 1.52902 5.5439328 1.5222216 0 P 0
L 5.5214496 2.0967512 5.5439328 2.1035864 0 P 0
L -5.5214504 -0.0976752 -5.5007296 -0.108728 0 P 0
L -5.5214504 -0.6654064 -5.5007296 -0.6543192 0 P 0
L -5.5214504 1.5198296 -5.5007296 1.5309176 0 P 0
L -5.5214504 2.0875608 -5.5007296 2.076508 0 P 0
L 5.5439328 -0.0816496 5.5673152 -0.0793288 0 P 0
L 5.5439328 -0.6630144 5.5673152 -0.6652968 0 P 0
L 5.5439328 1.5222216 5.5673152 1.5199392 0 P 0
L 5.5439328 2.1035864 5.5673152 2.105908 0 P 0
L -5.5439344 -0.0908776 -5.5214504 -0.0976752 0 P 0
L -5.5439344 -0.6722424 -5.5214504 -0.6654064 0 P 0
L -5.5439344 1.5129944 -5.5214504 1.5198296 0 P 0
L -5.5439344 2.0943592 -5.5214504 2.0875608 0 P 0
L 5.5673152 -0.0793288 5.9898352 -0.0789768 0 P 0
L 5.5673152 -1.0246744 5.5673152 -0.6652968 0 P 0
L 5.5673152 1.5199392 5.9898352 1.5202912 0 P 0
L 5.5673152 2.105908 5.5673152 2.4652856 0 P 0
L -5.5673168 -0.0885952 -5.5439344 -0.0908776 0 P 0
L -5.5673168 -0.6745632 -5.5439344 -0.6722424 0 P 0
L -5.5673168 -1.0339408 -4.9680464 -1.0334424 0 P 0
L -5.5673168 -1.0339408 -5.5673168 -0.6745632 0 P 0
L -5.5673168 1.5106728 -5.5439344 1.5129944 0 P 0
L -5.5673168 2.0966416 -5.5439344 2.0943592 0 P 0
L -5.5673168 2.0966416 -5.5673168 2.4560192 0 P 0
L -5.5673168 2.4560192 -4.9680464 2.4565176 0 P 0
L 5.9898352 -0.0789768 5.9898352 0.2804008 0 P 0
L 5.9898352 1.1609136 5.9898352 1.5202912 0 P 0
L -5.9898368 -0.0889464 -5.5673168 -0.0885952 0 P 0
L -5.9898368 -0.0889464 -5.9898368 0.2704312 0 P 0
L -5.9898368 0.2704312 -5.1708424 0.2711128 0 P 0
L -5.9898368 1.150944 -5.1708424 1.1516256 0 P 0
L -5.9898368 1.150944 -5.9898368 1.5103216 0 P 0
L -5.9898368 1.5103216 -5.5673168 1.5106728 0 P 0
