#Layer_Color=32768
#
#Feature symbol names
#
$0 r10

#
#Feature attribute names
#

#
#Layer features
#
L 0.0551181 -0.0708661 0.0551181 0.0708661 0 P 0
L -0.0551181 0.0708661 0.0551181 0.0708661 0 P 0
L -0.0551181 -0.0708661 -0.0551181 0.0708661 0 P 0
L -0.0551181 -0.0708661 0.0551181 -0.0708661 0 P 0
L -0.0708661 -1.0566536 0.0708661 -1.0566536 0 P 0
L 0.0708661 -1.1668898 0.0708661 -1.0566536 0 P 0
L -0.0708661 -1.1668898 -0.0708661 -1.0566536 0 P 0
L -0.0708661 -1.1668898 0.0708661 -1.1668898 0 P 0
L 1.2055512 0.6616142 1.2055512 0.7718504 0 P 0
L -1.2055512 0.6616142 -1.2055512 0.7718504 0 P 0
L 1.2055512 0.6616142 1.3472834 0.6616142 0 P 0
L 1.2055512 0.7718504 1.3472834 0.7718504 0 P 0
L 1.2501243 -2.3355568 1.2625016 -2.4767475 0 P 0
L 1.2501243 -2.3355568 1.3599392 -2.3259297 0 P 0
L 1.2501243 3.7691 1.2625017 3.9102907 0 P 0
L 1.2501243 3.7691 1.3599395 3.7594731 0 P 0
L 1.2625016 -2.4767475 1.3723165 -2.4671202 0 P 0
L -1.2625016 3.9080862 -1.2501243 3.7668955 0 P 0
L -1.2625017 -2.4789521 -1.2501243 -2.3377614 0 P 0
L 1.2625017 3.9102907 1.3723167 3.9006638 0 P 0
L -1.3472834 0.6616142 -1.2055512 0.6616142 0 P 0
L 1.3472834 0.6616142 1.3472834 0.7718504 0 P 0
L -1.3472834 0.6616142 -1.3472834 0.7718504 0 P 0
L -1.3472834 0.7718504 -1.2055512 0.7718504 0 P 0
L 1.3599392 -2.3259297 1.3723165 -2.4671202 0 P 0
L -1.3599392 3.7572683 -1.2501243 3.7668955 0 P 0
L -1.3599395 -2.3281345 -1.2501243 -2.3377614 0 P 0
L 1.3599395 3.7594731 1.3723167 3.9006638 0 P 0
L 1.370931 2.3888358 1.3752399 2.4989878 0 P 0
L 1.370931 2.3888358 1.5125549 2.383296 0 P 0
L 1.3709311 -0.9550954 1.3752402 -1.0652474 0 P 0
L 1.3709311 -0.9550954 1.512555 -0.949556 0 P 0
L -1.3723166 3.898459 -1.2625016 3.9080862 0 P 0
L -1.3723166 3.898459 -1.3599392 3.7572683 0 P 0
L -1.3723169 -2.4693252 -1.2625017 -2.4789521 0 P 0
L -1.3723169 -2.4693252 -1.3599395 -2.3281345 0 P 0
L -1.3752399 -1.0676492 -1.370931 -0.9574971 0 P 0
L 1.3752399 2.4989878 1.5168638 2.4934482 0 P 0
L -1.3752401 2.5017435 -1.3709311 2.3915915 0 P 0
L 1.3752402 -1.0652474 1.5168641 -1.0597077 0 P 0
L 1.5125549 2.383296 1.5168638 2.4934482 0 P 0
L 1.512555 -0.949556 1.5168641 -1.0597077 0 P 0
L -1.512555 -0.9519574 -1.370931 -0.9574971 0 P 0
L -1.512555 2.386052 -1.3709311 2.3915915 0 P 0
L -1.5168638 -1.0621092 -1.3752399 -1.0676492 0 P 0
L -1.5168638 -1.0621092 -1.512555 -0.9519574 0 P 0
L -1.516864 2.4962037 -1.3752401 2.5017435 0 P 0
L -1.516864 2.4962037 -1.512555 2.386052 0 P 0
L 2.1796063 -0.0070473 2.2898425 -0.0070473 0 P 0
L 2.1796063 -0.1487795 2.1796063 -0.0070473 0 P 0
L 2.1796063 -0.1487795 2.2898425 -0.1487795 0 P 0
L -2.1796063 -0.1524803 -2.1796063 -0.0107481 0 P 0
L 2.1796063 1.4420867 2.1796063 1.5838189 0 P 0
L -2.1796063 1.4420867 -2.1796063 1.5838189 0 P 0
L 2.1796063 1.4420867 2.2898425 1.4420867 0 P 0
L 2.1796063 1.5838189 2.2898425 1.5838189 0 P 0
L -2.2898425 -0.0107481 -2.1796063 -0.0107481 0 P 0
L 2.2898425 -0.1487795 2.2898425 -0.0070473 0 P 0
L -2.2898425 -0.1524803 -2.1796063 -0.1524803 0 P 0
L -2.2898425 -0.1524803 -2.2898425 -0.0107481 0 P 0
L -2.2898425 1.4420867 -2.1796063 1.4420867 0 P 0
L 2.2898425 1.4420867 2.2898425 1.5838189 0 P 0
L -2.2898425 1.4420867 -2.2898425 1.5838189 0 P 0
L -2.2898425 1.5838189 -2.1796063 1.5838189 0 P 0
L 2.3400749 3.3723431 2.3523041 3.5135468 0 P 0
L 2.3400749 3.3723431 2.4499002 3.3628315 0 P 0
L 2.3400751 -1.9369887 2.3523046 -2.0781923 0 P 0
L 2.3400751 -1.9369887 2.4499004 -1.927477 0 P 0
L 2.3523041 3.5135468 2.4621297 3.5040351 0 P 0
L 2.3523046 -2.0781923 2.4621297 -2.0686809 0 P 0
L -2.3523046 -2.0822082 -2.340075 -1.9410045 0 P 0
L -2.3523046 3.5095309 -2.3400751 3.3683273 0 P 0
L -2.4499001 -1.9314928 -2.340075 -1.9410045 0 P 0
L 2.4499002 3.3628315 2.4621297 3.5040351 0 P 0
L -2.4499003 3.3588157 -2.3400751 3.3683273 0 P 0
L 2.4499004 -1.927477 2.4621297 -2.0686809 0 P 0
L -2.4621296 -2.0726964 -2.3523046 -2.0822082 0 P 0
L -2.4621296 -2.0726964 -2.4499001 -1.9314928 0 P 0
L -2.4621297 3.5000194 -2.3523046 3.5095309 0 P 0
L -2.4621297 3.5000194 -2.4499003 3.3588157 0 P 0
L 3.0109873 -0.7576076 3.0873699 -0.6781234 0 P 0
L 3.0109873 -0.7576076 3.1131813 -0.8558136 0 P 0
L 3.0109876 2.1941037 3.0873699 2.1146195 0 P 0
L 3.0109876 2.1941037 3.1131813 2.2923097 0 P 0
L 3.0873699 -0.6781234 3.1895638 -0.7763293 0 P 0
L 3.0873699 2.1146195 3.1895639 2.2128255 0 P 0
L -3.0873701 2.109462 -3.0109873 2.1889462 0 P 0
L -3.0909148 -0.6828378 -3.0114305 -0.7592203 0 P 0
L -3.1096365 -0.8614143 -3.0114305 -0.7592203 0 P 0
L -3.1131811 2.2871521 -3.0109873 2.1889462 0 P 0
L 3.1131813 -0.8558136 3.1895638 -0.7763293 0 P 0
L 3.1131813 2.2923097 3.1895639 2.2128255 0 P 0
L -3.1891207 -0.7850317 -3.0909148 -0.6828378 0 P 0
L -3.1891207 -0.7850317 -3.1096365 -0.8614143 0 P 0
L -3.1895638 2.2076679 -3.0873701 2.109462 0 P 0
L -3.1895638 2.2076679 -3.1131811 2.2871521 0 P 0
L -3.2464567 0.6633069 -3.2464567 0.7735431 0 P 0
L 3.2464567 0.6633071 3.2464567 0.7735433 0 P 0
L 3.2464567 0.6633071 3.3881889 0.6633071 0 P 0
L 3.2464567 0.7735433 3.3881889 0.7735433 0 P 0
L -3.3881889 0.6633069 -3.2464567 0.6633069 0 P 0
L -3.3881889 0.6633069 -3.3881889 0.7735431 0 P 0
L 3.3881889 0.6633071 3.3881889 0.7735433 0 P 0
L -3.3881889 0.7735431 -3.2464567 0.7735431 0 P 0
L 3.9544882 0.0082677 4.0962204 0.0082677 0 P 0
L 3.9544882 -0.1019685 3.9544882 0.0082677 0 P 0
L 3.9544882 -0.1019685 4.0962204 -0.1019685 0 P 0
L -3.9544882 -0.1086614 -3.9544882 0.0015748 0 P 0
L -3.9544882 1.4230709 -3.9544882 1.5333071 0 P 0
L 3.9544882 1.4298032 3.9544882 1.5400394 0 P 0
L 3.9544882 1.4298032 4.0962204 1.4298032 0 P 0
L 3.9544882 1.5400394 4.0962204 1.5400394 0 P 0
L -4.0962204 0.0015748 -3.9544882 0.0015748 0 P 0
L 4.0962204 -0.1019685 4.0962204 0.0082677 0 P 0
L -4.0962204 -0.1086614 -3.9544882 -0.1086614 0 P 0
L -4.0962204 -0.1086614 -4.0962204 0.0015748 0 P 0
L -4.0962204 1.4230709 -3.9544882 1.4230709 0 P 0
L -4.0962204 1.4230709 -4.0962204 1.5333071 0 P 0
L 4.0962204 1.4298032 4.0962204 1.5400394 0 P 0
L -4.0962204 1.5333071 -3.9544882 1.5333071 0 P 0
L -4.7950788 0.6407874 -4.7950788 0.7825196 0 P 0
L 4.7950788 0.6488583 4.7950788 0.7905905 0 P 0
L 4.7950788 0.6488583 4.905315 0.6488583 0 P 0
L 4.7950788 0.7905905 4.905315 0.7905905 0 P 0
L -4.905315 0.6407874 -4.7950788 0.6407874 0 P 0
L -4.905315 0.6407874 -4.905315 0.7825196 0 P 0
L 4.905315 0.6488583 4.905315 0.7905905 0 P 0
L -4.905315 0.7825196 -4.7950788 0.7825196 0 P 0
L 5.1968111 -0.7901181 5.3385433 -0.7901181 0 P 0
L 5.1968111 -0.9003543 5.1968111 -0.7901181 0 P 0
L 5.1968111 -0.9003543 5.3385433 -0.9003543 0 P 0
L -5.1968111 -0.9091338 -5.1968111 -0.7988976 0 P 0
L -5.1968111 2.2214567 -5.1968111 2.3316929 0 P 0
L 5.1968111 2.2302362 5.1968111 2.3404724 0 P 0
L 5.1968111 2.2302362 5.3385433 2.2302362 0 P 0
L 5.1968111 2.3404724 5.3385433 2.3404724 0 P 0
L -5.3385433 -0.7988976 -5.1968111 -0.7988976 0 P 0
L 5.3385433 -0.9003543 5.3385433 -0.7901181 0 P 0
L -5.3385433 -0.9091338 -5.1968111 -0.9091338 0 P 0
L -5.3385433 -0.9091338 -5.3385433 -0.7988976 0 P 0
L -5.3385433 2.2214567 -5.1968111 2.2214567 0 P 0
L -5.3385433 2.2214567 -5.3385433 2.3316929 0 P 0
L 5.3385433 2.2302362 5.3385433 2.3404724 0 P 0
L -5.3385433 2.3316929 -5.1968111 2.3316929 0 P 0
L -5.6193308 0.0358662 -5.6193308 0.1461024 0 P 0
L 5.6193308 0.0453543 5.6193308 0.1555905 0 P 0
L 5.6193308 0.0453543 5.761063 0.0453543 0 P 0
L 5.6193308 0.1555905 5.761063 0.1555905 0 P 0
L -5.6193308 1.275748 -5.6193308 1.3859842 0 P 0
L 5.6193308 1.2852362 5.6193308 1.3954724 0 P 0
L 5.6193308 1.2852362 5.761063 1.2852362 0 P 0
L 5.6193308 1.3954724 5.761063 1.3954724 0 P 0
L -5.761063 0.0358662 -5.6193308 0.0358662 0 P 0
L -5.761063 0.0358662 -5.761063 0.1461024 0 P 0
L 5.761063 0.0453543 5.761063 0.1555905 0 P 0
L -5.761063 0.1461024 -5.6193308 0.1461024 0 P 0
L -5.761063 1.275748 -5.6193308 1.275748 0 P 0
L -5.761063 1.275748 -5.761063 1.3859842 0 P 0
L 5.761063 1.2852362 5.761063 1.3954724 0 P 0
L -5.761063 1.3859842 -5.6193308 1.3859842 0 P 0
